1000
1
22
43
4
5
3
34
8
9
3435
11
3535
34
14
15
34
544
466
4
43
21
22
876
24
6868
26
27
68
8668
30
31
6868
33
34
35
36
68
686
39
40
94
3
43
3
3
235
47
6
464
50
51
46
46
54
35
6466
57
666
59
6
6
6666
4343
346
346
356
67
68
35634
346
71
72
73
74
75
76
3634
78
79
80
81
82
83
84
85
86
87
88
89
90
91
92
93
94
95
96
97
98
99
100
101
102
103
104
105
106
107
108
109
346346
111
112
113
114
115
116
117
118
119
120
121
122
123
124
125
346
3346
128
129
130
131
132
133
134
135
136
137
138
139
140
141
142
34634
144
145
146
147
148
149
150
151
152
153
154
155
156
157
158
159
160
3466
162
163
164
165
166
167
168
169
170
171
172
34663
174
175
176
177
178
179
180
181
182
183
184
185
186
187
188
189
190
191
192
193
194
195
196
197
198
199
200
201
202
203
204
205
206
207
208
209
210
211
212
213
214
215
216
217
218
219
220
221
222
223
224
225
226
227
228
229
230
231
232
233
234
235
236
237
238
239
240
241
242
243
244
245
246
247
248
249
250
346
252
253
254
255
256
257
258
259
260
261
346
547
457
265
266
267
268
269
457
47
457
273
274
275
276
277
278
279
280
281
282
283
284
285
286
287
288
289
290
4757
292
293
294
295
296
297
298
299
300
301
302
303
304
305
306
307
308
309
310
311
312
313
314
315
316
317
318
319
320
321
322
323
324
45745
326
327
328
329
330
331
332
333
334
335
336
337
338
339
340
341
342
343
344
345
346
347
348
349
350
351
352
353
4577
355
356
357
358
359
360
361
362
363
364
365
366
367
368
369
370
371
372
373
45745
375
376
377
378
379
380
381
382
383
384
385
386
387
388
389
390
391
392
393
394
395
396
397
4577
399
400
401
402
403
404
405
406
407
408
409
410
411
412
413
4574
415
416
417
418
419
420
421
422
423
424
425
426
427
428
429
430
4574
432
433
434
435
436
437
438
439
440
441
442
443
444
445
446
447
448
449
4574
451
452
453
454
455
456
457
458
459
460
461
462
463
464
465
466
467
468
12
470
471
12
473
474
475
476
477
478
479
480
3523
482
483
484
485
486
487
488
489
490
491
492
493
494
3522
496
497
498
499
500
501
502
503
504
505
506
507
508
23523
510
511
512
513
514
515
516
2352
518
519
520
521
522
523
524
525
526
527
528
2352
530
531
532
533
534
535
536
537
538
539
540
541
542
543
2352
545
546
547
548
549
550
551
552
553
554
2352
556
557
558
559
560
561
562
563
564
565
566
23546
568
569
570
571
572
573
574
575
576
577
578
579
580
581
4223
583
584
585
586
587
588
589
590
591
592
593
3522
595
596
597
598
599
600
601
602
603
604
605
5222
607
608
609
610
611
612
613
614
615
616
5232
618
619
620
621
622
623
624
625
2352
2352
2356
46
34
346
632
36
34
364
3446
346
638
45
4545
641
642
643
644
645
646
647
648
649
650
4646
652
653
654
655
656
657
658
659
645
45
5
4
664
665
666
667
668
669
670
671
672
673
674
456
676
677
678
679
680
681
682
683
684
685
686
687
688
689
690
691
692
693
694
695
696
697
698
699
700
701
702
703
704
705
706
707
708
709
710
456
712
713
714
715
716
717
718
456
720
721
722
723
724
456
726
727
728
729
730
731
732
733
734
456
736
456
738
739
740
741
742
743
744
745
746
456
456
749
750
751
752
753
4577
755
477
757
758
475
760
457
762
745
764
455
766
457
475
769
770
457
772
773
774
775
776
777
457
779
780
781
782
783
784
785
475
787
346
789
790
791
792
793
794
795
796
797
234
799
800
801
802
803
804
805
235
807
808
809
810
811
352
813
814
815
352
817
818
819
820
821
235
823
824
825
826
827
253
829
830
2355
832
833
235
835
836
837
235
235
235
356
346
346
3466
34
46
46
7
5
3
2235
23
324
46
346
856
857
858
859
860
346
346
863
864
346
777
457
5
3
870
871
872
345
874
875
3456
6
6
666
6634
34
34
6
884
885
886
46
43
889
890
34
4
6
894
895
634
897
898
345
900
901
346
903
904
905
906
907
908
909
436
346
912
913
346
346
346
334
918
919
920
34
46
346
924
925
926
927
928
929
930
34
932
933
934
935
936
346
346
939
940
941
942
943
944
466
946
947
948
949
950
951
346
346
954
955
956
957
958
959
346
961
962
963
964
965
966
967
46
969
970
971
972
973
974
975
976
977
43
979
980
981
982
983
984
985
986
987
988
34
3
3
992
993
994
995
996
997
998
999
34
